jails:
  a:
    world: 33d3bf71-1813-44a2-8b11-721fa716c621
    world-name: world
    x: 192.30000001192093
    y: 63.0
    z: 281.53194634416025
    yaw: 1.650177001953125
    pitch: 90.0
