spawns:
  default:
    world: 265825c4-0f98-45a2-8381-2bb8c18c6950
    world-name: MiniWorld
    x: -44.01902396853017
    y: 111.0
    z: 111.30087558339802
    yaw: -1.0500000715255737
    pitch: 90.0
