world: 265825c4-0f98-45a2-8381-2bb8c18c6950
world-name: MiniWorld
x: -91.98785522376338
y: 130.0
z: 124.65779737710886
yaw: 238.65008544921875
pitch: 90.0
name: Azak25
lastowner: ee02c126-e5ba-3018-b0a4-50aafaec474b
