world: 955aee9f-3cb4-4935-ad92-dda0cf14b2c7
world-name: BW1
x: 0.4829532315327016
y: 4.0
z: -4.113812327384718
yaw: 321.4500427246094
pitch: 90.0
name: BW
lastowner: ee02c126-e5ba-3018-b0a4-50aafaec474b
