world: 33d3bf71-1813-44a2-8b11-721fa716c621
world-name: world
x: 166.56654059446106
y: 255.0
z: 258.64094200460426
yaw: 174.45025634765625
pitch: 88.19999694824219
name: death.fall.accident.water
lastowner: ee02c126-e5ba-3018-b0a4-50aafaec474b
